Dilwale Dulhania Le Jayenge,0112870
Karan Arjun,0113526
Border,0118751
